[[ 7.07106781e-01  0.00000000e+00  7.07106781e-01]
 [ 6.12372436e-01  3.53553391e-01  7.07106781e-01]
 [ 3.53553391e-01  6.12372436e-01  7.07106781e-01]
 [ 4.32978028e-17  7.07106781e-01  7.07106781e-01]
 [-3.53553391e-01  6.12372436e-01  7.07106781e-01]
 [-6.12372436e-01  3.53553391e-01  7.07106781e-01]
 [-7.07106781e-01  8.65956056e-17  7.07106781e-01]
 [-6.12372436e-01 -3.53553391e-01  7.07106781e-01]
 [-3.53553391e-01 -6.12372436e-01  7.07106781e-01]
 [-1.29893408e-16 -7.07106781e-01  7.07106781e-01]
 [ 3.53553391e-01 -6.12372436e-01  7.07106781e-01]
 [ 6.12372436e-01 -3.53553391e-01  7.07106781e-01]]

or 

[[-0.7071  0.     -0.7071]

 [-0.6124 -0.3536 -0.7071]
 [-0.3536 -0.6124 -0.7071]
 [-0.     -0.7071 -0.7071]
 [ 0.3536 -0.6124 -0.7071]
 [ 0.6124 -0.3536 -0.7071]
 [-0.3536 -0.6124 -0.7071]
 [ 0.3536 -0.6124 -0.7071]
 [ 0.6124 -0.3536 -0.7071]
 [-0.     -0.7071 -0.7071]
 [ 0.3536 -0.6124 -0.7071]
 [ 0.6124 -0.3536 -0.7071]
 [ 0.6124 -0.3536 -0.7071]
 [ 0.7071 -0.     -0.7071]
 [ 0.6124  0.3536 -0.7071]
 [ 0.3536  0.6124 -0.7071]
 [ 0.3536  0.6124 -0.7071]
 [ 0.      0.7071 -0.7071]
 [-0.3536  0.6124 -0.7071]
 [-0.6124  0.3536 -0.7071]]


[-0.3536 -0.6124 -0.7071]#1
[-0.6124 -0.3536 -0.7071]#2
[-0.7071  0.     -0.7071]#3
[-0.6124  0.3536 -0.7071]#4
[-0.3536  0.6124 -0.7071]#5
[ 0.3536  0.6124 -0.7071]#6
[ 0.6124  0.3536 -0.7071]#7
[ 0.7071 -0.     -0.7071]#8
[ 0.6124 -0.3536 -0.7071]#9
[ 0.3536 -0.6124 -0.7071]#10
